2 0 880
2 40 880
2 100 880
2 60 880
2 20 880
2 80 880
2 120 880
2 220 840
2 320 800
2 340 800
2 360 800
2 460 760
2 560 700
2 580 700
2 600 700
2 740 560
2 820 500
2 840 500
2 860 500
2 120 80
2 1000 440
2 1020 440
2 1060 440
2 1040 440
2 1080 440
2 1100 440
2 1120 440
2 1140 440
2 1160 440
2 1180 440
2 1200 440
2 1220 440
2 1240 440
2 1260 440
2 1280 440
2 1300 440
2 1320 440
2 1340 440
2 1360 440
2 1380 440
2 0 880
2 40 880
2 100 880
2 60 880
2 20 880
2 80 880
2 120 880
2 220 840
2 320 800
2 340 800
2 360 800
2 460 760
2 560 700
2 580 700
2 600 700
2 740 560
2 820 500
2 840 500
2 860 500
2 120 80
2 140 80
2 1000 440
2 1020 440
2 1060 440
2 1040 440
2 1080 440
2 1100 440
2 1120 440
2 1140 440
2 1160 440
2 1180 440
2 1200 440
2 1220 440
2 1240 440
2 1260 440
2 1280 440
2 1300 440
2 1320 440
2 1340 440
2 1360 440
2 1380 440
2 0 880
2 40 880
2 100 880
2 60 880
2 20 880
2 80 880
2 120 880
2 220 840
2 320 800
2 340 800
2 360 800
2 460 760
2 560 700
2 580 700
2 600 700
2 740 560
2 820 500
2 840 500
2 860 500
2 120 80
2 140 80
2 1000 440
2 1020 440
2 1060 440
2 1040 440
2 1080 440
2 1100 440
2 1120 440
2 1140 440
2 1160 440
2 1180 440
2 1200 440
2 1220 440
2 1240 440
2 1260 440
2 1280 440
2 1300 440
2 1320 440
2 1340 440
2 1360 440
2 1380 440
2 0 880
2 40 880
2 100 880
2 60 880
2 20 880
2 80 880
2 120 880
2 220 840
2 320 800
2 340 800
2 360 800
2 460 760
2 560 700
2 580 700
2 600 700
2 740 560
2 820 500
2 840 500
2 860 500
2 120 80
2 140 80
2 1000 440
2 1020 440
2 1060 440
2 1040 440
2 1080 440
2 1100 440
2 1120 440
2 1140 440
2 1160 440
2 1180 440
2 1200 440
2 1220 440
2 1240 440
2 1260 440
2 1280 440
2 1300 440
2 1320 440
2 1340 440
2 1360 440
2 1380 440
2 0 880
2 40 880
2 100 880
2 60 880
2 20 880
2 80 880
2 120 880
2 220 840
2 320 800
2 340 800
2 360 800
2 460 760
2 560 700
2 580 700
2 600 700
2 740 560
2 820 500
2 840 500
2 860 500
2 120 80
2 140 80
2 1000 440
2 1020 440
2 1060 440
2 1040 440
2 1080 440
2 1100 440
2 1120 440
2 1140 440
2 1160 440
2 1180 440
2 1200 440
2 1220 440
2 1240 440
2 1260 440
2 1280 440
2 1300 440
2 1320 440
2 1340 440
2 1360 440
2 1380 440
2 0 880
2 40 880
2 100 880
2 60 880
2 20 880
2 80 880
2 120 880
2 220 840
2 320 800
2 340 800
2 360 800
2 460 760
2 560 700
2 580 700
2 600 700
2 740 560
2 820 500
2 840 500
2 860 500
2 120 80
2 140 80
2 1000 440
2 1020 440
2 1060 440
2 1040 440
2 1080 440
2 1100 440
2 1120 440
2 1140 440
2 1160 440
2 1180 440
2 1200 440
2 1220 440
2 1240 440
2 1260 440
2 1280 440
2 1300 440
2 1320 440
2 1340 440
2 1360 440
2 1380 440
2 0 880
2 40 880
2 100 880
2 60 880
2 20 880
2 80 880
2 120 880
2 220 840
2 320 800
2 340 800
2 360 800
2 460 760
2 560 700
2 580 700
2 600 700
2 740 560
2 820 500
2 840 500
2 860 500
2 120 80
2 140 80
2 1000 440
2 1020 440
2 1060 440
2 1040 440
2 1080 440
2 1100 440
2 1120 440
2 1140 440
2 1160 440
2 1180 440
2 1200 440
2 1220 440
2 1240 440
2 1260 440
2 1280 440
2 1300 440
2 1320 440
2 1340 440
2 1360 440
2 1380 440
2 0 880
2 40 880
2 100 880
2 60 880
2 20 880
2 80 880
2 120 880
2 220 840
2 320 800
2 340 800
2 360 800
2 460 760
2 560 700
2 580 700
2 600 700
2 740 560
2 820 500
2 840 500
2 860 500
2 120 80
2 140 80
2 1000 440
2 1020 440
2 1060 440
2 1040 440
2 1080 440
2 1100 440
2 1120 440
2 1140 440
2 1160 440
2 1180 440
2 1200 440
2 1220 440
2 1240 440
2 1260 440
2 1280 440
2 1300 440
2 1320 440
2 1340 440
2 1360 440
2 1380 440
2 0 880
2 40 880
2 100 880
2 60 880
2 20 880
2 80 880
2 120 880
2 220 840
2 320 800
2 340 800
2 360 800
2 460 760
2 560 700
2 580 700
2 600 700
2 740 560
2 820 500
2 840 500
2 860 500
2 120 80
2 140 80
2 1000 440
2 1020 440
2 1060 440
2 1040 440
2 1080 440
2 1100 440
2 1120 440
2 1140 440
2 1160 440
2 1180 440
2 1200 440
2 1220 440
2 1240 440
2 1260 440
2 1280 440
2 1300 440
2 1320 440
2 1340 440
2 1360 440
2 1380 440
2 0 880
2 40 880
2 100 880
2 60 880
2 20 880
2 80 880
2 120 880
2 220 840
2 320 800
2 340 800
2 360 800
2 460 760
2 560 700
2 580 700
2 600 700
2 740 560
2 820 500
2 840 500
2 860 500
2 120 80
2 140 80
2 1000 440
2 1020 440
2 1060 440
2 1040 440
2 1080 440
2 1100 440
2 1120 440
2 1140 440
2 1160 440
2 1180 440
2 1200 440
2 1220 440
2 1240 440
2 1260 440
2 1280 440
2 1300 440
2 1320 440
2 1340 440
2 1360 440
2 1380 440
2 0 880
2 40 880
2 100 880
2 60 880
2 20 880
2 80 880
2 120 880
2 220 840
2 320 800
2 340 800
2 360 800
2 460 760
2 560 700
2 580 700
2 600 700
2 740 560
2 820 500
2 840 500
2 860 500
2 120 80
2 140 80
2 1000 440
2 1020 440
2 1060 440
2 1040 440
2 1080 440
2 1100 440
2 1120 440
2 1140 440
2 1160 440
2 1180 440
2 1200 440
2 1220 440
2 1240 440
2 1260 440
2 1280 440
2 1300 440
2 1320 440
2 1340 440
2 1360 440
2 1380 440
2 0 880
2 40 880
2 100 880
2 60 880
2 20 880
2 80 880
2 120 880
2 220 840
2 320 800
2 340 800
2 360 800
2 460 760
2 560 700
2 580 700
2 600 700
2 740 560
2 820 500
2 840 500
2 860 500
2 120 80
2 140 80
2 1000 440
2 1020 440
2 1060 440
2 1040 440
2 1080 440
2 1100 440
2 1120 440
2 1140 440
2 1160 440
2 1180 440
2 1200 440
2 1220 440
2 1240 440
2 1260 440
2 1280 440
2 1300 440
2 1320 440
2 1340 440
2 1360 440
2 1380 440
2 0 880
2 40 880
2 100 880
2 60 880
2 20 880
2 80 880
2 120 880
2 220 840
2 320 800
2 340 800
2 360 800
2 460 760
2 560 700
2 580 700
2 600 700
2 740 560
2 820 500
2 840 500
2 860 500
2 120 80
2 140 80
2 1000 440
2 1020 440
2 1060 440
2 1040 440
2 1080 440
2 1100 440
2 1120 440
2 1140 440
2 1160 440
2 1180 440
2 1200 440
2 1220 440
2 1240 440
2 1260 440
2 1280 440
2 1300 440
2 1320 440
2 1340 440
2 1360 440
2 1380 440
2 0 880
2 40 880
2 100 880
2 60 880
2 20 880
2 80 880
2 120 880
2 220 840
2 320 800
2 340 800
2 360 800
2 460 760
2 560 700
2 580 700
2 600 700
2 740 560
2 820 500
2 840 500
2 860 500
2 120 80
2 140 80
2 1000 440
2 1020 440
2 1060 440
2 1040 440
2 1080 440
2 1100 440
2 1120 440
2 1140 440
2 1160 440
2 1180 440
2 1200 440
2 1220 440
2 1240 440
2 1260 440
2 1280 440
2 1300 440
2 1320 440
2 1340 440
2 1360 440
2 1380 440
2 0 880
2 40 880
2 100 880
2 60 880
2 20 880
2 80 880
2 120 880
2 220 840
2 320 800
2 340 800
2 360 800
2 460 760
2 560 700
2 580 700
2 600 700
2 740 560
2 820 500
2 840 500
2 860 500
2 120 80
2 140 80
2 1000 440
2 1020 440
2 1060 440
2 1040 440
2 1080 440
2 1100 440
2 1120 440
2 1140 440
2 1160 440
2 1180 440
2 1200 440
2 1220 440
2 1240 440
2 1260 440
2 1280 440
2 1300 440
2 1320 440
2 1340 440
2 1360 440
2 1380 440
2 0 880
2 40 880
2 100 880
2 60 880
2 20 880
2 80 880
2 120 880
2 220 840
2 320 800
2 340 800
2 360 800
2 460 760
2 560 700
2 580 700
2 600 700
2 740 560
2 820 500
2 840 500
2 860 500
2 120 80
2 140 80
2 1000 440
2 1020 440
2 1060 440
2 1040 440
2 1080 440
2 1100 440
2 1120 440
2 1140 440
2 1160 440
2 1180 440
2 1200 440
2 1220 440
2 1240 440
2 1260 440
2 1280 440
2 1300 440
2 1320 440
2 1340 440
2 1360 440
2 1380 440
2 0 880
2 40 880
2 100 880
2 60 880
2 20 880
2 80 880
2 120 880
2 220 840
2 320 800
2 340 800
2 360 800
2 460 760
2 560 700
2 580 700
2 600 700
2 740 560
2 820 500
2 840 500
2 860 500
2 120 80
2 140 80
2 1000 440
2 1020 440
2 1060 440
2 1040 440
2 1080 440
2 1100 440
2 1120 440
2 1140 440
2 1160 440
2 1180 440
2 1200 440
2 1220 440
2 1240 440
2 1260 440
2 1280 440
2 1300 440
2 1320 440
2 1340 440
2 1360 440
2 1380 440
2 0 880
2 40 880
2 100 880
2 60 880
2 20 880
2 80 880
2 120 880
2 220 840
2 320 800
2 340 800
2 360 800
2 460 760
2 560 700
2 580 700
2 600 700
2 740 560
2 820 500
2 840 500
2 860 500
2 120 80
2 140 80
2 1000 440
2 1020 440
2 1060 440
2 1040 440
2 1080 440
2 1100 440
2 1120 440
2 1140 440
2 1160 440
2 1180 440
2 1200 440
2 1220 440
2 1240 440
2 1260 440
2 1280 440
2 1300 440
2 1320 440
2 1340 440
2 1360 440
2 1380 440
2 0 880
2 40 880
2 100 880
2 60 880
2 20 880
2 80 880
2 120 880
2 220 840
2 320 800
2 340 800
2 360 800
2 460 760
2 560 700
2 580 700
2 600 700
2 740 560
2 820 500
2 840 500
2 860 500
2 120 80
2 140 80
2 1000 440
2 1020 440
2 1060 440
2 1040 440
2 1080 440
2 1100 440
2 1120 440
2 1140 440
2 1160 440
2 1180 440
2 1200 440
2 1220 440
2 1240 440
2 1260 440
2 1280 440
2 1300 440
2 1320 440
2 1340 440
2 1360 440
2 1380 440
2 0 880
2 40 880
2 100 880
2 60 880
2 20 880
2 80 880
2 120 880
2 220 840
2 320 800
2 340 800
2 360 800
2 460 760
2 560 700
2 580 700
2 600 700
2 740 560
2 820 500
2 840 500
2 860 500
2 120 80
2 140 80
2 1000 440
2 1020 440
2 1060 440
2 1040 440
2 1080 440
2 1100 440
2 1120 440
2 1140 440
2 1160 440
2 1180 440
2 1200 440
2 1220 440
2 1240 440
2 1260 440
2 1280 440
2 1300 440
2 1320 440
2 1340 440
2 1360 440
2 1380 440
2 0 880
2 40 880
2 100 880
2 60 880
2 20 880
2 80 880
2 120 880
2 220 840
2 320 800
2 340 800
2 360 800
2 460 760
2 560 700
2 580 700
2 600 700
2 740 560
2 820 500
2 840 500
2 860 500
2 120 80
2 140 80
2 1000 440
2 1020 440
2 1060 440
2 1040 440
2 1080 440
2 1100 440
2 1120 440
2 1140 440
2 1160 440
2 1180 440
2 1200 440
2 1220 440
2 1240 440
2 1260 440
2 1280 440
2 1300 440
2 1320 440
2 1340 440
2 1360 440
2 1380 440
2 0 880
2 40 880
2 100 880
2 60 880
2 20 880
2 80 880
2 120 880
2 220 840
2 320 800
2 340 800
2 360 800
2 460 760
2 560 700
2 580 700
2 600 700
2 740 560
2 820 500
2 840 500
2 860 500
2 120 80
2 140 80
2 1000 440
2 1020 440
2 1060 440
2 1040 440
2 1080 440
2 1100 440
2 1120 440
2 1140 440
2 1160 440
2 1180 440
2 1200 440
2 1220 440
2 1240 440
2 1260 440
2 1280 440
2 1300 440
2 1320 440
2 1340 440
2 1360 440
2 1380 440
2 0 880
2 40 880
2 100 880
2 60 880
2 20 880
2 80 880
2 120 880
2 220 840
2 320 800
2 340 800
2 360 800
2 460 760
2 560 700
2 580 700
2 600 700
2 740 560
2 820 500
2 840 500
2 860 500
2 120 80
2 140 80
2 1000 440
2 1020 440
2 1060 440
2 1040 440
2 1080 440
2 1100 440
2 1120 440
2 1140 440
2 1160 440
2 1180 440
2 1200 440
2 1220 440
2 1240 440
2 1260 440
2 1280 440
2 1300 440
2 1320 440
2 1340 440
2 1360 440
2 1380 440
2 0 880
2 40 880
2 100 880
2 60 880
2 20 880
2 80 880
2 120 880
2 220 840
2 320 800
2 340 800
2 360 800
2 460 760
2 560 700
2 580 700
2 600 700
2 740 560
2 820 500
2 840 500
2 860 500
2 120 80
2 140 80
2 1000 440
2 1020 440
2 1060 440
2 1040 440
2 1080 440
2 1100 440
2 1120 440
2 1140 440
2 1160 440
2 1180 440
2 1200 440
2 1220 440
2 1240 440
2 1260 440
2 1280 440
2 1300 440
2 1320 440
2 1340 440
2 1360 440
2 1380 440
2 0 880
2 40 880
2 100 880
2 60 880
2 20 880
2 80 880
2 120 880
2 220 840
2 320 800
2 340 800
2 360 800
2 460 760
2 560 700
2 580 700
2 600 700
2 740 560
2 820 500
2 840 500
2 860 500
2 120 80
2 140 80
2 1000 440
2 1020 440
2 1060 440
2 1040 440
2 1080 440
2 1100 440
2 1120 440
2 1140 440
2 1160 440
2 1180 440
2 1200 440
2 1220 440
2 1240 440
2 1260 440
2 1280 440
2 1300 440
2 1320 440
2 1340 440
2 1360 440
2 1380 440
2 0 880
2 40 880
2 100 880
2 60 880
2 20 880
2 80 880
2 120 880
2 220 840
2 320 800
2 340 800
2 360 800
2 460 760
2 560 700
2 580 700
2 600 700
2 740 560
2 820 500
2 840 500
2 860 500
2 120 80
2 140 80
2 1000 440
2 1020 440
2 1060 440
2 1040 440
2 1080 440
2 1100 440
2 1120 440
2 1140 440
2 1160 440
2 1180 440
2 1200 440
2 1220 440
2 1240 440
2 1260 440
2 1280 440
2 1300 440
2 1320 440
2 1340 440
2 1360 440
2 1380 440
2 0 880
2 40 880
2 100 880
2 60 880
2 20 880
2 80 880
2 120 880
2 220 840
2 320 800
2 340 800
2 360 800
2 460 760
2 560 700
2 580 700
2 600 700
2 740 560
2 820 500
2 840 500
2 860 500
2 120 80
2 140 80
2 1000 440
2 1020 440
2 1060 440
2 1040 440
2 1080 440
2 1100 440
2 1120 440
2 1140 440
2 1160 440
2 1180 440
2 1200 440
2 1220 440
2 1240 440
2 1260 440
2 1280 440
2 1300 440
2 1320 440
2 1340 440
2 1360 440
2 1380 440
2 0 880
2 40 880
2 100 880
2 60 880
2 20 880
2 80 880
2 120 880
2 220 840
2 320 800
2 340 800
2 360 800
2 460 760
2 560 700
2 580 700
2 600 700
2 740 560
2 820 500
2 840 500
2 860 500
2 120 80
2 140 80
2 1000 440
2 1020 440
2 1060 440
2 1040 440
2 1080 440
2 1100 440
2 1120 440
2 1140 440
2 1160 440
2 1180 440
2 1200 440
2 1220 440
2 1240 440
2 1260 440
2 1280 440
2 1300 440
2 1320 440
2 1340 440
2 1360 440
2 1380 440
2 0 880
2 40 880
2 100 880
2 60 880
2 20 880
2 80 880
2 120 880
2 220 840
2 320 800
2 340 800
2 360 800
2 460 760
2 560 700
2 580 700
2 600 700
2 740 560
2 820 500
2 840 500
2 860 500
2 120 80
2 140 80
2 1000 440
2 1020 440
2 1060 440
2 1040 440
2 1080 440
2 1100 440
2 1120 440
2 1140 440
2 1160 440
2 1180 440
2 1200 440
2 1220 440
2 1240 440
2 1260 440
2 1280 440
2 1300 440
2 1320 440
2 1340 440
2 1360 440
2 1380 440
2 0 880
2 40 880
2 100 880
2 60 880
2 20 880
2 80 880
2 120 880
2 220 840
2 320 800
2 340 800
2 360 800
2 460 760
2 560 700
2 580 700
2 600 700
2 740 560
2 820 500
2 840 500
2 860 500
2 120 80
2 140 80
2 1000 440
2 1020 440
2 1060 440
2 1040 440
2 1080 440
2 1100 440
2 1120 440
2 1140 440
2 1160 440
2 1180 440
2 1200 440
2 1220 440
2 1240 440
2 1260 440
2 1280 440
2 1300 440
2 1320 440
2 1340 440
2 1360 440
2 1380 440
2 0 880
2 40 880
2 100 880
2 60 880
2 20 880
2 80 880
2 120 880
2 220 840
2 320 800
2 340 800
2 360 800
2 460 760
2 560 700
2 580 700
2 600 700
2 740 560
2 820 500
2 840 500
2 860 500
2 120 80
2 140 80
2 1000 440
2 1020 440
2 1060 440
2 1040 440
2 1080 440
2 1100 440
2 1120 440
2 1140 440
2 1160 440
2 1180 440
2 1200 440
2 1220 440
2 1240 440
2 1260 440
2 1280 440
2 1300 440
2 1320 440
2 1340 440
2 1360 440
2 1380 440
2 0 880
2 40 880
2 100 880
2 60 880
2 20 880
2 80 880
2 120 880
2 220 840
2 320 800
2 340 800
2 360 800
2 460 760
2 560 700
2 580 700
2 600 700
2 740 560
2 820 500
2 840 500
2 860 500
2 120 80
2 140 80
2 1000 440
2 1020 440
2 1060 440
2 1040 440
2 1080 440
2 1100 440
2 1120 440
2 1140 440
2 1160 440
2 1180 440
2 1200 440
2 1220 440
2 1240 440
2 1260 440
2 1280 440
2 1300 440
2 1320 440
2 1340 440
2 1360 440
2 1380 440
2 0 880
2 40 880
2 100 880
2 60 880
2 20 880
2 80 880
2 120 880
2 220 840
2 320 800
2 340 800
2 360 800
2 460 760
2 560 700
2 580 700
2 600 700
2 740 560
2 820 500
2 840 500
2 860 500
2 120 80
2 140 80
2 1000 440
2 1020 440
2 1060 440
2 1040 440
2 1080 440
2 1100 440
2 1120 440
2 1140 440
2 1160 440
2 1180 440
2 1200 440
2 1220 440
2 1240 440
2 1260 440
2 1280 440
2 1300 440
2 1320 440
2 1340 440
2 1360 440
2 1380 440
2 0 880
2 40 880
2 100 880
2 60 880
2 20 880
2 80 880
2 120 880
2 220 840
2 320 800
2 340 800
2 360 800
2 460 760
2 560 700
2 580 700
2 600 700
2 740 560
2 820 500
2 840 500
2 860 500
2 120 80
2 140 80
2 1000 440
2 1020 440
2 1060 440
2 1040 440
2 1080 440
2 1100 440
2 1120 440
2 1140 440
2 1160 440
2 1180 440
2 1200 440
2 1220 440
2 1240 440
2 1260 440
2 1280 440
2 1300 440
2 1320 440
2 1340 440
2 1360 440
2 1380 440
2 0 880
2 40 880
2 100 880
2 60 880
2 20 880
2 80 880
2 120 880
2 220 840
2 320 800
2 340 800
2 360 800
2 460 760
2 560 700
2 580 700
2 600 700
2 740 560
2 820 500
2 840 500
2 860 500
2 120 80
2 140 80
2 1000 440
2 1020 440
2 1060 440
2 1040 440
2 1080 440
2 1100 440
2 1120 440
2 1140 440
2 1160 440
2 1180 440
2 1200 440
2 1220 440
2 1240 440
2 1260 440
2 1280 440
2 1300 440
2 1320 440
2 1340 440
2 1360 440
2 1380 440
2 0 880
2 40 880
2 100 880
2 60 880
2 20 880
2 80 880
2 120 880
2 220 840
2 320 800
2 340 800
2 360 800
2 460 760
2 560 700
2 580 700
2 600 700
2 740 560
2 820 500
2 840 500
2 860 500
2 120 80
2 140 80
2 1000 440
2 1020 440
2 1060 440
2 1040 440
2 1080 440
2 1100 440
2 1120 440
2 1140 440
2 1160 440
2 1180 440
2 1200 440
2 1220 440
2 1240 440
2 1260 440
2 1280 440
2 1300 440
2 1320 440
2 1340 440
2 1360 440
2 1380 440
2 0 880
2 40 880
2 100 880
2 60 880
2 20 880
2 80 880
2 120 880
2 220 840
2 320 800
2 340 800
2 360 800
2 460 760
2 560 700
2 580 700
2 600 700
2 740 560
2 820 500
2 840 500
2 860 500
2 120 80
2 140 80
2 1000 440
2 1020 440
2 1060 440
2 1040 440
2 1080 440
2 1100 440
2 1120 440
2 1140 440
2 1160 440
2 1180 440
2 1200 440
2 1220 440
2 1240 440
2 1260 440
2 1280 440
2 1300 440
2 1320 440
2 1340 440
2 1360 440
2 1380 440
2 0 880
2 40 880
2 100 880
2 60 880
2 20 880
2 80 880
2 120 880
2 220 840
2 320 800
2 340 800
2 360 800
2 460 760
2 560 700
2 580 700
2 600 700
2 740 560
2 820 500
2 840 500
2 860 500
2 120 80
2 140 80
2 1000 440
2 1020 440
2 1060 440
2 1040 440
2 1080 440
2 1100 440
2 1120 440
2 1140 440
2 1160 440
2 1180 440
2 1200 440
2 1220 440
2 1240 440
2 1260 440
2 1280 440
2 1300 440
2 1320 440
2 1340 440
2 1360 440
2 1380 440
2 0 880
2 40 880
2 100 880
2 60 880
2 20 880
2 80 880
2 120 880
2 220 840
2 320 800
2 340 800
2 360 800
2 460 760
2 560 700
2 580 700
2 600 700
2 740 560
2 820 500
2 840 500
2 860 500
2 120 80
2 140 80
2 1000 440
2 1020 440
2 1060 440
2 1040 440
2 1080 440
2 1100 440
2 1120 440
2 1140 440
2 1160 440
2 1180 440
2 1200 440
2 1220 440
2 1240 440
2 1260 440
2 1280 440
2 1300 440
2 1320 440
2 1340 440
2 1360 440
2 1380 440
2 0 880
2 40 880
2 100 880
2 60 880
2 20 880
2 80 880
2 120 880
2 220 840
2 320 800
2 340 800
2 360 800
2 460 760
2 560 700
2 580 700
2 600 700
2 740 560
2 820 500
2 840 500
2 860 500
2 120 80
2 140 80
2 1000 440
2 1020 440
2 1060 440
2 1040 440
2 1080 440
2 1100 440
2 1120 440
2 1140 440
2 1160 440
2 1180 440
2 1200 440
2 1220 440
2 1240 440
2 1260 440
2 1280 440
2 1300 440
2 1320 440
2 1340 440
2 1360 440
2 1380 440
2 0 880
2 40 880
2 100 880
2 60 880
2 20 880
2 80 880
2 120 880
2 220 840
2 320 800
2 340 800
2 360 800
2 460 760
2 560 700
2 580 700
2 600 700
2 740 560
2 820 500
2 840 500
2 860 500
2 120 80
2 140 80
2 1000 440
2 1020 440
2 1060 440
2 1040 440
2 1080 440
2 1100 440
2 1120 440
2 1140 440
2 1160 440
2 1180 440
2 1200 440
2 1220 440
2 1240 440
2 1260 440
2 1280 440
2 1300 440
2 1320 440
2 1340 440
2 1360 440
2 1380 440
